0 1.1421965e-006 1.8874997e-006
0.004 4.5858017e-006 7.5757424e-006
0.008 1.0354534e-005 1.7096757e-005
0.012 1.8469676e-005 3.0473703e-005
0.016 2.8950042e-005 4.7720772e-005
0.02 4.1811946e-005  6.884312e-005
0.024 5.7069173e-005 9.3836815e-005
0.028 7.4732961e-005  0.00012268881
0.032 9.4811972e-005  0.00015537693
0.036  0.00011731228  0.00019186991
0.04  0.00014223736  0.00023212741
0.044  0.00016958806  0.00027610008
0.048  0.00019936261  0.00032372966
0.052  0.00023155664  0.00037494907
0.056  0.00026616313  0.00042968256
0.06  0.00030317242  0.00048784581
0.064  0.00034257229  0.00054934617
0.068  0.00038434785  0.00061408279
0.072  0.00042848167  0.00068194685
0.076  0.00047495371  0.00075282183
0.08   0.0005237414   0.0008265837
0.084  0.00057481961  0.00090310122
0.088  0.00062816073  0.00098223622
0.092  0.00068373466   0.0010638439
0.096  0.00074150887   0.0011477733
0.1   0.0008014484   0.0012338672
0.104  0.00086351596    0.001321963
0.108  0.00092767191   0.0014118929
0.112  0.00099387433   0.0015034839
0.116   0.0010620791    0.001596559
0.12   0.0011322399   0.0016909367
0.124   0.0012043082   0.0017864322
0.128   0.0012782336    0.001882857
0.132   0.0013539635   0.0019800203
0.136   0.0014314435   0.0020777286
0.14   0.0015106172   0.0021757865
0.144   0.0015914264   0.0022739972
0.148   0.0016738113   0.0023721629
0.152   0.0017577102   0.0024700851
0.156   0.0018430599   0.0025675652
0.16   0.0019297957   0.0026644051
0.164   0.0020178513   0.0027604071
0.168   0.0021071593   0.0028553752
0.172   0.0021976508   0.0029491148
0.176   0.0022892557   0.0030414335
0.18   0.0023819027   0.0031321414
0.184   0.0024755196   0.0032210518
0.188   0.0025700332   0.0033079813
0.192   0.0026653693   0.0033927504
0.196    0.002761453   0.0034751837
0.2   0.0028582088   0.0035551107
0.204   0.0029555603   0.0036323658
0.208   0.0030534307    0.003706789
0.212   0.0031517429   0.0037782258
0.216   0.0032504192   0.0038465281
0.22   0.0033493817   0.0039115541
0.224   0.0034485525   0.0039731689
0.228   0.0035478532   0.0040312446
0.232   0.0036472059   0.0040856607
0.236   0.0037465324   0.0041363044
0.24   0.0038457547   0.0041830707
0.244   0.0039447953   0.0042258627
0.248   0.0040435767    0.004264592
0.252    0.004142022   0.0042991786
0.256   0.0042400548   0.0043295511
0.26   0.0043375993   0.0043556471
0.264   0.0044345802   0.0043774131
0.268   0.0045309232   0.0043948047
0.272   0.0046265545   0.0044077867
0.276   0.0047214015   0.0044163331
0.28   0.0048153923   0.0044204272
0.284   0.0049084562   0.0044200615
0.288   0.0050005237    0.004415238
0.292   0.0050915262    0.004405968
0.296   0.0051813966   0.0043922718
0.3   0.0052700689   0.0043741791
0.304   0.0053574787   0.0043517286
0.308   0.0054435629   0.0043249683
0.312   0.0055282598   0.0042939546
0.316   0.0056115094   0.0042587531
0.32   0.0056932533   0.0042194377
0.324   0.0057734347    0.004176091
0.328   0.0058519984   0.0041288035
0.332    0.005928891    0.004077674
0.336   0.0060040611   0.0040228087
0.34   0.0060774589   0.0039643218
0.344   0.0061490365   0.0039023345
0.348   0.0062187478   0.0038369748
0.352    0.006286549   0.0037683779
0.356   0.0063523978    0.003696685
0.36   0.0064162543   0.0036220434
0.364   0.0064780802   0.0035446063
0.368   0.0065378397   0.0034645323
0.372   0.0065954987   0.0033819849
0.376   0.0066510252   0.0032971324
0.38   0.0067043896   0.0032101475
0.384    0.006755564   0.0031212067
0.388   0.0068045228   0.0030304901
0.392   0.0068512426   0.0029381812
0.396   0.0068957019    0.002844466
0.4   0.0069378815   0.0027495331
0.404   0.0069777641   0.0026535729
0.408   0.0070153348   0.0025567777
0.412   0.0070505806   0.0024593408
0.416   0.0070834907   0.0023614563
0.42   0.0071140561   0.0022633188
0.424   0.0071422703   0.0021651228
0.428   0.0071681285   0.0020670625
0.432   0.0071916281   0.0019693312
0.436   0.0072127685   0.0018721213
0.44   0.0072315511   0.0017756234
0.444    0.007247979   0.0016800262
0.448   0.0072620577   0.0015855161
0.452   0.0072737942   0.0014922772
0.456   0.0072831975     0.00140049
0.46   0.0072902786   0.0013103322
0.464     0.00729505   0.0012219775
0.468   0.0072975262   0.0011355958
0.472   0.0072977234   0.0010513525
0.476   0.0072956595  0.00096940848
0.48   0.0072913538  0.00088991983
0.484   0.0072848277  0.00081303735
0.488   0.0072761036  0.00073890644
0.492   0.0072652059  0.00066766682
0.496   0.0072521601  0.00059945231
0.5   0.0072369935  0.00053439061
0.504   0.0072197345  0.00047260308
0.508   0.0072004128  0.00041420455
0.512   0.0071790596  0.00035930316
0.516   0.0071557072  0.00030800021
0.52   0.0071303892     0.00026039
0.524     0.00710314   0.0002165597
0.528   0.0070739956  0.00017658925
0.532   0.0070429925  0.00014055126
0.536   0.0070101686  0.00010851095
0.54   0.0069755624 8.0526056e-005
0.544   0.0069392134 5.6646799e-005
0.548    0.006901162 3.6915854e-005
0.552   0.0068614492 2.1368336e-005
0.556   0.0068201169 1.0031791e-005
0.56   0.0067772074 2.9262207e-006
0.564   0.0067327638 6.4105784e-008
0.568   0.0066868296  1.450454e-006
0.572   0.0066394491 7.0828587e-006
0.576   0.0065906666 1.6951572e-005
0.58   0.0065405272 3.1039593e-005
0.584   0.0064890761 4.9322766e-005
0.588   0.0064363589 7.1769898e-005
0.592   0.0063824214 9.8342882e-005
0.596   0.0063273096  0.00012899684
0.6   0.0062710696  0.00016368025
0.604   0.0062137478  0.00020233516
0.608   0.0061553904   0.0002448973
0.612   0.0060960437  0.00029129631
0.616   0.0060357541  0.00034145588
0.62   0.0059745677  0.00039529402
0.624   0.0059125305  0.00045272321
0.628   0.0058496886  0.00051365065
0.632   0.0057860875  0.00057797847
0.636   0.0057217728  0.00064560396
0.64   0.0056567896  0.00071641982
0.644   0.0055911828  0.00079031439
0.648   0.0055249967   0.0008671719
0.652   0.0054582756  0.00094687275
0.656   0.0053910631   0.0010292937
0.66   0.0053234024   0.0011143082
0.664   0.0052553361   0.0012017867
0.668   0.0051869065   0.0012915966
0.672   0.0051181551    0.001383603
0.676   0.0050491232   0.0014776686
0.68   0.0049798509   0.0015736541
0.684   0.0049103783   0.0016714185
0.688   0.0048407444   0.0017708193
0.692   0.0047709877   0.0018717126
0.696    0.004701146   0.0019739539
0.7   0.0046312564   0.0020773976
0.704   0.0045613551    0.002181898
0.708   0.0044914777   0.0022873089
0.712   0.0044216591   0.0023934845
0.716   0.0043519332   0.0025002791
0.72   0.0042823332   0.0026075475
0.724   0.0042128915   0.0027151454
0.728   0.0041436398   0.0028229294
0.732   0.0040746086   0.0029307575
0.736   0.0040058279   0.0030384891
0.74   0.0039373268    0.003145985
0.744   0.0038691334   0.0032531084
0.748   0.0038012751    0.003359724
0.752   0.0037337782   0.0034656992
0.756   0.0036666684   0.0035709035
0.76   0.0035999704   0.0036752094
0.764    0.003533708   0.0037784918
0.768   0.0034679042   0.0038806287
0.772   0.0034025811   0.0039815013
0.776   0.0033377598   0.0040809939
0.78   0.0032734607   0.0041789942
0.784   0.0032097033   0.0042753934
0.788   0.0031465063   0.0043700863
0.792   0.0030838873   0.0044629715
0.796   0.0030218634   0.0045539512
0.8   0.0029604505   0.0046429319
0.804   0.0028996639   0.0047298236
0.808    0.002839518   0.0048145407
0.812   0.0027800265   0.0048970017
0.816    0.002721202   0.0049771292
0.82   0.0026630566     0.00505485
0.824   0.0026056014   0.0051300952
0.828    0.002548847   0.0052028002
0.832   0.0024928029   0.0052729048
0.836    0.002437478   0.0053403531
0.84   0.0023828806   0.0054050933
0.844    0.002329018   0.0054670783
0.848    0.002275897   0.0055262651
0.852   0.0022235236   0.0055826152
0.856   0.0021719032    0.005636094
0.86   0.0021210405   0.0056866717
0.864   0.0020709394   0.0057343223
0.868   0.0020216033   0.0057790241
0.872   0.0019730351   0.0058207595
0.876   0.0019252369   0.0058595152
0.88   0.0018782102   0.0058952815
0.884   0.0018319561    0.005928053
0.888   0.0017864749    0.005957828
0.892   0.0017417667   0.0059846085
0.896   0.0016978306   0.0060084005
0.9   0.0016546656   0.0060292133
0.904   0.0016122701     0.00604706
0.908    0.001570642   0.0060619569
0.912   0.0015297786   0.0060739239
0.916   0.0014896769   0.0060829839
0.92   0.0014503336    0.006089163
0.924   0.0014117447   0.0060924905
0.928    0.001373906   0.0060929984
0.932   0.0013368128   0.0060907215
0.936   0.0013004603   0.0060856975
0.94    0.001264843   0.0060779665
0.944   0.0012299553   0.0060675712
0.948   0.0011957912   0.0060545565
0.952   0.0011623445   0.0060389696
0.956   0.0011296084   0.0060208598
0.96   0.0010975764   0.0060002784
0.964   0.0010662411   0.0059772785
0.968   0.0010355954   0.0059519151
0.972   0.0010056316   0.0059242447
0.976  0.00097634202   0.0058943252
0.98  0.00094771866   0.0058622162
0.984   0.0009197534   0.0058279784
0.988   0.0008924379   0.0057916735
0.992   0.0008657637   0.0057533646
0.996  0.00083972217   0.0057131154
1  0.00081430457   0.0056709905
1.004  0.00078950202   0.0056270555
1.008  0.00076530554   0.0055813761
1.012  0.00074170606   0.0055340189
1.016  0.00071869442   0.0054850506
1.02  0.00069626137   0.0054345384
1.024  0.00067439761   0.0053825496
1.028  0.00065309379   0.0053291516
1.032  0.00063234051   0.0052744118
1.036  0.00061212833   0.0052183974
1.04   0.0005924478   0.0051611756
1.044  0.00057328943   0.0051028132
1.048  0.00055464376   0.0050433766
1.052  0.00053650129   0.0049829321
1.056  0.00051885256   0.0049215449
1.06  0.00050168811   0.0048592803
1.064  0.00048499851   0.0047962023
1.068  0.00046877437   0.0047323746
1.072  0.00045300632     0.00466786
1.076  0.00043768504   0.0046027205
1.08  0.00042280128   0.0045370169
1.084  0.00040834583   0.0044708095
1.088  0.00039430953   0.0044041573
1.092  0.00038068333   0.0043371183
1.096  0.00036745822   0.0042697493
1.1  0.00035462526   0.0042021062
1.104  0.00034217563   0.0041342434
1.108  0.00033010056   0.0040662143
1.112   0.0003183914    0.003998071
1.116  0.00030703957   0.0039298643
1.12  0.00029603661   0.0038616436
1.124  0.00028537415   0.0037934571
1.128  0.00027504392   0.0037253515
1.132  0.00026503778   0.0036573722
1.136  0.00025534766   0.0035895633
1.14  0.00024596565   0.0035219674
1.144  0.00023688391   0.0034546255
1.148  0.00022809476   0.0033875776
1.152   0.0002195906   0.0033208618
1.156  0.00021136398   0.0032545152
1.16  0.00020340755    0.003188573
1.164  0.00019571409   0.0031230694
1.168   0.0001882765    0.003058037
1.172  0.00018108782   0.0029935068
1.176   0.0001741412   0.0029295087
1.18  0.00016742992   0.0028660709
1.184  0.00016094737   0.0028032204
1.188   0.0001546871   0.0027409827
1.192  0.00014864276    0.002679382
1.196  0.00014280813   0.0026184411
1.2  0.00013717713   0.0025581814
1.204  0.00013174379   0.0024986231
1.208  0.00012650227   0.0024397851
1.212  0.00012144686   0.0023816849
1.216  0.00011657196   0.0023243388
1.22  0.00011187212   0.0022677619
1.224  0.00010734198    0.002211968
1.228  0.00010297633   0.0021569698
1.232 9.8770067e-005   0.0021027788
1.236 9.4718208e-005   0.0020494055
1.24  9.081589e-005    0.001996859
1.244 8.7058369e-005   0.0019451475
1.248 8.3441016e-005   0.0018942782
1.252 7.9959317e-005   0.0018442573
1.256 7.6608871e-005   0.0017950898
1.26 7.3385389e-005   0.0017467798
1.264 7.0284693e-005   0.0016993307
1.268 6.7302714e-005   0.0016527447
1.272 6.4435489e-005   0.0016070234
1.276 6.1679162e-005   0.0015621672
1.28  5.902998e-005   0.0015181761
1.284 5.6484295e-005    0.001475049
1.288 5.4038556e-005   0.0014327841
1.292 5.1689313e-005   0.0013913791
1.296 4.9433214e-005   0.0013508308
1.3 4.7267001e-005   0.0013111354
1.304  4.518751e-005   0.0012722883
1.308 4.3191669e-005   0.0012342847
1.312 4.1276496e-005   0.0011971188
1.316 3.9439099e-005   0.0011607845
1.32  3.767667e-005   0.0011252751
1.324 3.5986486e-005   0.0010905834
1.328 3.4365909e-005   0.0010567018
1.332 3.2812381e-005   0.0010236222
1.336 3.1323423e-005  0.00099133616
1.34 2.9896633e-005  0.00095983478
1.344 2.8529686e-005  0.00092910885
1.348  2.722033e-005   0.0008991488
1.352 2.5966387e-005  0.00086994478
1.356 2.4765747e-005  0.00084148664
1.36 2.3616371e-005  0.00081376396
1.364 2.2516286e-005  0.00078676608
1.368 2.1463585e-005  0.00076048215
1.372 2.0456423e-005  0.00073490109
1.376 1.9493019e-005  0.00071001166
1.38 1.8571652e-005  0.00068580247
1.384 1.7690659e-005  0.00066226197
1.388 1.6848436e-005  0.00063937851
1.392 1.6043433e-005  0.00061714035
1.396 1.5274154e-005  0.00059553564
1.4 1.4539156e-005  0.00057455248
1.404 1.3837049e-005  0.00055417892
1.408  1.316649e-005  0.00053440298
1.412 1.2526185e-005  0.00051521264
1.416 1.1914888e-005   0.0004965959
1.42 1.1331396e-005  0.00047854075
1.424 1.0774553e-005  0.00046103522
1.428 1.0243243e-005  0.00044406734
1.432 9.7363931e-006  0.00042762523
1.436 9.2529704e-006  0.00041169702
1.44 8.7919801e-006  0.00039627095
1.444 8.3524656e-006  0.00038133531
1.448 7.9335066e-006  0.00036687848
1.452  7.534218e-006  0.00035288894
1.456  7.153749e-006  0.00033935528
1.46 6.7912817e-006  0.00032626619
1.464 6.4460301e-006  0.00031361048
1.468 6.1172392e-006  0.00030137709
1.472 5.8041837e-006  0.00028955509
1.476 5.5061672e-006  0.00027813369
1.48 5.2225209e-006  0.00026710225
1.484 4.9526033e-006  0.00025645027
1.488 4.6957984e-006   0.0002461674
1.492 4.4515154e-006  0.00023624344
1.496 4.2191877e-006  0.00022666839
1.5 3.9982719e-006  0.00021743236
1.504 3.7882472e-006  0.00020852566
1.508 3.5886141e-006  0.00019993878
1.512 3.3988943e-006  0.00019166234
1.516 3.2186295e-006  0.00018368718
1.52 3.0473806e-006  0.00017600428
1.524 2.8847272e-006  0.00016860483
1.528  2.730267e-006  0.00016148016
1.532 2.5836146e-006  0.00015462181
1.536 2.4444016e-006  0.00014802148
1.54 2.3122752e-006  0.00014167106
1.544 2.1868982e-006  0.00013556262
1.548  2.067948e-006  0.00012968839
1.552 1.9551162e-006  0.00012404081
1.556 1.8481082e-006  0.00011861247
1.56 1.7466421e-006  0.00011339615
1.564  1.650449e-006   0.0001083848
1.568 1.5592718e-006  0.00010357156
1.572  1.472865e-006 9.8949709e-005
1.576 1.3909943e-006 9.4512735e-005
1.58 1.3134358e-006 9.0254273e-005
1.584 1.2399762e-006 8.6168135e-005
1.588 1.1704117e-006 8.2248295e-005
1.592 1.1045479e-006 7.8488894e-005
1.596 1.0421996e-006 7.4884231e-005
1.6 9.8319009e-007 7.1428768e-005
1.604 9.2735083e-007 6.8117122e-005
1.608 8.7452129e-007 6.4944066e-005
1.612 8.2454848e-007 6.1904525e-005
1.616 7.7728667e-007 5.8993571e-005
1.62 7.3259702e-007 5.6206428e-005
1.624 6.9034734e-007  5.353846e-005
1.628 6.5041179e-007 5.0985174e-005
1.632 6.1267056e-007 4.8542216e-005
1.636 5.7700965e-007  4.620537e-005
1.64 5.4332059e-007 4.3970549e-005
1.644 5.1150021e-007 4.1833801e-005
1.648 4.8145039e-007 3.9791299e-005
1.652 4.5307782e-007 3.7839341e-005
1.656 4.2629381e-007 3.5974349e-005
1.66 4.0101407e-007 3.4192861e-005
1.664 3.7715848e-007 3.2491535e-005
1.668 3.5465096e-007 3.0867139e-005
1.672 3.3341923e-007 2.9316554e-005
1.676 3.1339464e-007 2.7836768e-005
1.68 2.9451204e-007 2.6424875e-005
1.684 2.7670956e-007  2.507807e-005
1.688 2.5992849e-007 2.3793649e-005
1.692 2.4411315e-007 2.2569004e-005
1.696 2.2921068e-007 2.1401621e-005
1.7 2.1517098e-007  2.028908e-005
1.704 2.0194653e-007 1.9229046e-005
1.708 1.8949228e-007 1.8219274e-005
1.712 1.7776552e-007 1.7257602e-005
1.716 1.6672579e-007 1.6341948e-005
1.72 1.5633476e-007 1.5470311e-005
1.724  1.465561e-007 1.4640766e-005
1.728 1.3735543e-007 1.3851461e-005
1.732 1.2870019e-007 1.3100616e-005
1.736 1.2055954e-007 1.2386524e-005
1.74  1.129043e-007  1.170754e-005
1.744 1.0570688e-007 1.1062089e-005
1.748 9.8941139e-008 1.0448656e-005
1.752  9.258238e-008 9.8657892e-006
1.756 8.6607236e-008 9.3120934e-006
1.76 8.0993617e-008 8.7862321e-006
1.764 7.5720638e-008  8.286923e-006
1.768 7.0768564e-008 7.8129374e-006
1.772 6.6118746e-008 7.3630974e-006
1.776 6.1753567e-008 6.9362748e-006
1.78 5.7656386e-008 6.5313889e-006
1.784  5.381149e-008 6.1474051e-006
1.788 5.0204043e-008  5.783333e-006
1.792 4.6820043e-008 5.4382251e-006
1.796 4.3646274e-008 5.1111747e-006
1.8 4.0670267e-008  4.801315e-006
1.804  3.788026e-008  4.507817e-006
1.808  3.526516e-008 4.2298887e-006
1.812 3.2814507e-008 3.9667731e-006
1.816 3.0518441e-008 3.7177472e-006
1.82 2.8367668e-008 3.4821208e-006
1.824 2.6353431e-008 3.2592347e-006
1.828  2.446748e-008 3.0484602e-006
1.832 2.2702045e-008 2.8491974e-006
1.836 2.1049808e-008  2.660874e-006
1.84 1.9503882e-008 2.4829447e-006
1.844 1.8057784e-008 2.3148897e-006
1.848 1.6705414e-008 2.1562138e-006
1.852 1.5441033e-008 2.0064453e-006
1.856 1.4259245e-008 1.8651354e-006
1.86 1.3154977e-008 1.7318568e-006
1.864 1.2123459e-008 1.6062031e-006
1.868 1.1160211e-008 1.4877879e-006
1.872 1.0261025e-008  1.376244e-006
1.876 9.4219472e-009 1.2712225e-006
1.88 8.6392695e-009 1.1723923e-006
1.884 7.9095111e-009 1.0794389e-006
1.888 7.2294079e-009  9.920643e-007
1.892 6.5958997e-009 9.0998589e-007
1.896 6.0061194e-009   8.32936e-007
1.9 5.4573821e-009 7.6066124e-007
1.904 4.9471748e-009 6.9292197e-007
1.908 4.4731472e-009 6.2949169e-007
1.912 4.0331028e-009 5.7015657e-007
1.916 3.6249905e-009  5.147149e-007
1.92 3.2468967e-009 4.6297665e-007
1.924 2.8970379e-009 4.1476304e-007
1.928 2.5737541e-009 3.6990606e-007
1.932 2.2755022e-009 3.2824812e-007
1.936   2.00085e-009 2.8964166e-007
1.94 1.7484709e-009  2.539488e-007
1.944 1.5171383e-009 2.2104103e-007
1.948 1.3057213e-009 1.9079887e-007
1.952 1.1131802e-009 1.6311165e-007
1.956 9.3856214e-010 1.3787719e-007
1.96 7.8099804e-010 1.1500163e-007
1.964 6.3969879e-010 9.4399156e-008
1.968 5.1395249e-010 7.5991886e-008
1.972 4.0312176e-010 5.9709653e-008
1.976 3.0664142e-010 4.5489893e-008
1.98 2.2401649e-010 3.3277524e-008
1.984 1.5482052e-010 2.3024863e-008
1.988 9.8694182e-011 1.4691556e-008
1.992 5.5344292e-011 8.2445426e-009
1.996 2.4543032e-011 3.6580441e-009
