0      1039.1539
1      2420.8456
2      472.45689
3      3148.4571
4       96.32762
5      2015.9867
6      603.03483
7       2808.017
8      22.979693
9      2211.5187
10      1534.4179
11      3246.7509
12      216.74096
13      1738.4149
14      832.86777
15      3056.4253
16      268.39984
17      2655.5853
18       1282.313
19      3230.0294
20      2.9996171
21      2114.6624
22      526.78179
23      3116.6349
24      47.320279
25      2487.4286
26      1183.6373
27      2910.5746
28      149.86369
29      1661.9082
30      945.73411
31      3262.6792
32      371.68997
33      2573.3134
34       1357.282
35      3194.0615
36      10.995328
37      1941.0177
38      746.13173
39      2987.5942
40      112.64656
41      2789.9071
42      1134.9579
43      3236.0216
44      310.70831
45      1814.7253
46      662.92596
47      3093.6117
48      404.07168
49      2352.5656
50      1432.8928
51      3167.8286
52      34.955221
53       2065.528
54      789.07937
55      2860.6289
56      74.807935
57      2614.9214
58       1086.781
59      3265.3327
60      170.70763
61      1890.6716
62      564.37793
63      3016.1345
64      296.27295
65      2306.1768
66      1610.8778
67      3209.6303
68      6.9980854
69      2282.7387
70      900.03288
71      2942.3355
72       130.5014
73      2733.9221
74      1232.7717
75      3255.7176
76      241.88016
77      1712.9262
78      704.06687
79      3138.2154
80      437.67169
81       2465.432
82      1483.5745
83      3271.3152
84      14.991343
85      1991.0785
86       855.0639
87      2843.3822
88      57.010365
89      2675.5506
90      1062.8958
91      3185.6979
92      193.00834
93      1915.8772
94      622.74926
95      3043.3356
96      340.55856
97      2530.8019
98      1585.3735
99      3223.6296
100      18.986132
101      2163.3418
102      992.12288
103      2926.6113
104      81.579142
105      2752.8551
106      1307.2212
107      3268.0123
108      254.96911
109      1789.3206
110      508.39307
111      3105.3021
112      454.91825
113       2375.505
114      1407.6281
115      3280.0685
116      26.972033
117      2090.1491
118      810.87113
119      2894.2292
120      38.961175
121      2594.2329
122      1208.1506
123      3216.8282
124      139.99576
125      1840.0894
126      683.37838
127      3069.1701
128      355.96602
129      2509.2204
130      1559.8848
131      3285.7231
132      62.512472
133      2235.4039
134      922.79474
135        3002.03
136      104.29314
137      2714.7239
138      1110.8037
139      3251.4641
140      229.13635
141      1687.4219
142      583.57613
143      3158.3291
144      420.72144
145      2398.2668
146      1382.4225
147      3259.4767
148      30.963292
149      2040.8052
150      767.49781
151      2877.5793
152      88.754518
153      2635.3739
154      1257.4945
155      3176.9526
156      181.67743
157      1865.4069
158      724.98636
159      3081.5666
160      490.28329
161      2443.2358
162      1458.2103
163      3292.6239
164      43.039105
165       2187.496
166      968.84537
167      2972.8307
168      121.38386
169      2771.5184
170      1159.2377
171      3241.5988
172      204.69723
173      1763.8818
174      545.44493
175       3127.607
176      325.47141
177      2329.4543
178      1636.3915
179      3275.3171
180       51.95127
181       2139.062
182       642.7146
183      2825.8435
184      282.16895
185       2552.168
186      1508.9791
187      3029.9042
188      68.448977
189      1966.0868
190       1015.561
191      3301.6951
192      387.72651
193      2695.2651
194      1332.2129
195      3202.0402
196      160.10202
197      2957.7432
198      877.45409
199      2259.1458
